6520 354147
2640 895543
4931 680871
9297 733661
8069 994379
5168 848170
946 541393
642 920345
2259 895566
4965 768045
6236 554068
505 728862
8664 885379
6448 288411
7090 265226
7938 202618
2956 360555
1963 587095
9765 706770
7512 113379
6512 649162
1260 360427
6427 73068
3037 22307
99 751690
93159 363213
91049 635252
98748 730323
91951 811795
92232 516506
92655 332320
97906 638202
94914 776651
96986 174286
93044 989244
94293 926413
96459 951449
99386 389703
98179 550413
93631 699622
96094 945259
95390 673689
96849 981503
99485 889197
91984 220365
99358 612245
93259 399256
99143 120905
91403 453939
93372 899629
